0
0.002280288587342527
0.005644648798175778
0.005653994243205868
0.0040091959179096165
0.0023737430376434693
0.0015326529849351428
0.0036821053418563815
0.001626107435236071
0.002280288587342527
0.004429740944263766
0.004990467646069308
0.005457739897573935
0.0049437404209188435
0.006298829950282248
0.0062053754999813054
0.005925012149078535
0.00648573885088409
0.005317558222122543
0.005738103248476692
0.005738103248476692
0.00583155769877762
0.004803558745467465
0.003962468692759166
0.003214833090351768
0.0046166498448656085
0.0027475608388471545
0.0033082875406526963
0.0026541063885462263
0.003495196441254539
0.004897013195768393
0.0065791933011850046
0.0026541063885462263
0.0013924713094837643
0.0
0.0011121079585809795
0.0031213786400508536
0.002841015289148069
0.004710104295166551
0.0065791933011850046
0.006018466599379463
0.009009009009009014
0.00648573885088409
0.007794101155097016
0.006158648274830855
0.003869014242458224
0.004149377593361009
0.0043362864939628515
0.007420283353893317
0.011532279167133938
0.012560278120444107
0.011999551418638565
0.013494822623453334
0.015363911629471788
0.014242458225860732
0.0157377294306755
0.016298456132481015
0.01592463833127733
0.014242458225860732
0.01656947403835371
0.016672273933684728
0.022559904302642902
0.019756270793615194
0.021718814249934576
0.02400844828230722
0.0234009943553512
0.025643901162573368
0.025363537811670583
0.02611117341407798
0.021251541998429962
0.0234009943553512
0.022559904302642902
0.022466449852341974
0.021625359799633648
0.0234009943553512
0.021905723150536432
0.021718814249934576
0.021905723150536432
0.019008635191207823
0.019849725243916122
0.021672087024784126
0.021625359799633648
0.019102089641508724
0.017980636237897668
0.020971178647527206
0.02078426974692535
0.02209263205113829
0.021251541998429962
0.025363537811670583
0.021625359799633648
0.02139172367388134
0.01863481739000411
0.019569361893013365
0.018821726290605967
0.017606818436693955
0.017887181787596712
0.018447908489402254
0.018354454039101353
0.01872827184030504
0.019756270793615194
0.019055362416358274
0.019765616238645284
0.021531905349332747
0.0234009943553512
0.02349444880565213
0.023214085454749345
0.023961721057156743
0.023214085454749345
0.02265335875294383
0.019756270793615194
0.019662816343314266
0.019475907442712437
0.019475907442712437
0.01994317969421705
0.01938245299241151
0.019102089641508724
0.02134499644873089
0.021578632574483197
0.02349444880565213
0.024615902209263213
0.025270083361369683
0.023214085454749345
0.023120631004448444
0.02404583006242758
0.02209263205113829
0.020971178647527206
0.02143845089903182
0.027139172367388137
0.028026989645246914
0.028625098127172816
0.02639153676498074
0.02639153676498074
0.025737355612874296
0.026484991215281695
0.026484991215281695
0.026812081791334902
0.025036447235617376
0.024989720010466898
0.02470935665956414
0.024522447758962285
0.024615902209263213
0.025924264513476153
0.026298082314679838
0.025737355612874296
0.028026989645246914
0.0310642592800269
0.033494074987850925
0.033400620537549996
0.03433516504055925
0.03442861949086018
0.034895891742364765
0.036194908601547615
0.035503345669320785
0.03428843781540877
0.03283989383574448
0.033400620537549996
0.0336342566633023
0.03312025718664724
0.03227916713393891
0.032092258233337084
0.031998803783036156
0.03190534933273523
0.03041007812792046
0.03237262158423984
0.03237262158423984
0.031157713730327857
0.02891480692310569
0.03045680535307091
0.029288624724309376
0.031438077081230614
0.030690441478823216
0.03246607603454077
0.032746439385443554
0.03442861949086018
0.034802437292063865
0.034054801689656466
0.03154087697656163
0.03045680535307091
0.029101715823707547
0.028821352472804762
0.02900826137340662
0.02891480692310569
0.028625098127172816
0.029241897499158925
0.025176628911068755
0.024989720010466898
0.025924264513476153
0.022606631527793353
0.032092258233337084
0.03330716608724907
0.033540802213001375
0.037606070801091546
0.038260251953198016
0.03779297970169343
0.034148256139957395
0.030970804829726
0.028821352472804762
0.029942805876415846
0.028540989121901977
0.03162498598183247
0.03283989383574448
0.033400620537549996
0.03246607603454077
0.03386789278905461
0.03377443833875371
0.03583043624537402
0.033400620537549996
0.031251168180628786
0.028774625247654312
0.032092258233337084
0.030690441478823216
0.027886807969795535
0.02704571791708721
0.027232626817689065
0.027886807969795535
0.029849351426114917
0.03041007812792046
0.03326043886209862
0.034148256139957395
0.03452207394116108
0.03312025718664724
0.03396134723935554
0.03592389069567495
0.03639116294717956
0.034895891742364765
0.03312025718664724
0.03508280064296662
0.037512616350790645
0.03956861425741093
0.03386789278905461
0.03368098388845278
0.030223169227318603
0.034708982841762936
0.03629770849687863
0.03676498074838325
0.03611079959627678
0.03667152629808232
0.03648461739748049
0.03592389069567495
0.032092258233337084
0.031157713730327857
0.0325595304848417
0.031157713730327857
0.03358752943815185
0.033400620537549996
0.031438077081230614
0.03227916713393891
0.030970804829726
0.03283989383574448
0.03498934619266569
0.03545661844417031
0.0385406153041008
0.043960973421554334
0.04891405928750328
0.05405405405405406
0.05396059960375313
0.056203506410975296
0.0621845912302344
0.06087622892602146
0.06339949908414641
0.061810773429030685
0.06153041007812793
0.059567866621808546
0.05844641321819746
0.057605323165489136
0.05938095772120669
0.06087622892602146
0.05844641321819746
0.058259504317595606
0.05573623415947068
0.05741841426488731
0.05788568651639192
0.05246532839893836
0.05321296400134576
0.05321296400134576
0.05713805091398452
0.06008186609846361
0.060222047773915016
0.05994168442301223
0.059100594370303905
0.059100594370303905
0.05517550745766514
0.052932600650442974
0.05396059960375313
0.05405405405405406
0.06096968337632239
0.05984822997271133
0.061717318978729785
0.056296960861276196
0.056857687563081766
0.06293222683264177
0.06274531793203994
0.05844641321819746
0.05601659751037347
0.05788568651639192
0.059100594370303905
0.05947441217150759
0.06012859332361406
0.06153041007812793
0.06302568128294272
0.06508167918956301
0.06667040484467873
0.061717318978729785
0.06096968337632239
0.0613435011775261
0.05928750327090576
0.060222047773915016
0.058913685469702076
0.06078277447572053
0.05723150536428545
0.05746514149003776
0.059567866621808546
0.055362416358267
0.06031550222421592
0.057511868715188236
0.05582968860977161
0.054895144106762384
0.0545213263055587
0.05994168442301223
0.05713805091398452
0.05713805091398452
0.05788568651639192
0.05947441217150759
0.06255840903143808
0.06405368023625285
0.0637733168853501
0.06424058913685471
0.06367986243504917
0.06293222683264177
0.06311913573324363
0.06386677133565102
0.0645209524877575
0.06470786138835932
0.06564240589136855
0.06797876714889162
0.06910022055250273
0.06928712945310456
0.06872640275129904
0.06994131060521103
0.06975440170460917
0.06553026055100747
0.06358640798474824
0.06153041007812793
0.058820231019401176
0.0605958655751187
0.058259504317595606
0.05844641321819746
0.05994168442301223
0.061904227879331614
0.06127341033980041
0.06283877238234087
0.061436955627827
0.06003513887331316
0.06526858809016486
0.06428731636200516
0.06470786138835932
0.06695076819558149
0.06769840379798889
0.06751149489738703
0.06704422264588242
0.059007139920003004
0.06003513887331316
0.05928750327090576
0.055642779709169754
0.05592314306007251
0.052932600650442974
0.052278419498336504
0.05283914620014207
0.055642779709169754
0.05022242159171619
0.051998056147433774
0.051624238346230034
0.05171769279653099
0.05153078389592913
0.04984860379051251
0.06424058913685471
0.06330604463384545
0.06330604463384545
0.06433404358715564
0.062371500130836255
0.0646144069380584
0.06704422264588242
0.06769840379798889
0.0665769503943778
0.06489477028896118
0.06498822473926208
0.06526858809016486
0.06849276662554671
0.06639004149377595
0.06788531269859072
0.06844603940039626
0.06886658442675042
0.07064221898246795
0.07386639751784982
0.07330567081604425
0.07162349071062765
0.06928712945310456
0.06994131060521103
0.06807222159919257
0.06536204254046579
0.06293222683264177
0.0655022242159172
0.06564240589136855
0.06835258495009536
0.06498822473926208
0.06321259018354455
0.062464954581137155
0.06349295353444734
0.059661321072109474
0.05998841164816271
0.059708048297259925
0.059100594370303905
0.05741841426488731
0.05667077866247994
0.05704459646368362
0.05601659751037347
0.05419423572950546
0.05732495981458641
0.05405405405405406
0.04410115509700571
0.0435404283952002
0.047185151956936205
0.04966169488991068
0.04975514934021158
0.04947478598930882
0.05087660274382266
0.05788568651639192
0.05386714515345223
0.057558595940338686
0.05938095772120669
0.05947441217150759
0.06358640798474824
0.062418227355986705
0.0613435011775261
0.06928712945310456
0.07237112631303505
0.07480094202085905
0.07480094202085905
0.07564203207356734
0.07162349071062765
0.07377294306754889
0.07153003626032675
0.07026840118126426
0.06938058390340548
0.0715767634854772
0.07073567343276888
0.07517475982206276
0.07367948861724799
0.07676348547717843
0.07783821165563903
0.07900639228440057
0.07891293783409967
0.08213711636948151
0.0826511158461366
0.07900639228440057
0.07928675563530335
0.0842398415012523
0.08246420694553475
0.08358566034914583
0.0810623901910209
0.08040820903891444
0.07610930432507196
0.07601584987477106
0.07012821950581286
0.06956749280400734
0.06746476767223655
0.07489439647115997
0.07564203207356734
0.07751112107958583
0.08087548129041908
0.07966057343650704
0.07891293783409967
0.07909984673470152
0.07881948338379874
0.07704384882808121
0.07405330641845168
0.07480094202085905
0.07162349071062765
0.06601622369257226
0.0655022242159172
0.07227767186273412
0.07302530746514152
0.07068894620761842
0.07036185563156519
0.07115621845912301
0.06984785615491013
0.07321221636574335
0.07377294306754889
0.07638966767597474
0.07966057343650704
0.0802213001383126
0.0793334828604538
0.07012821950581286
0.06713767709618332
0.07153003626032675
0.06615640536802361
0.07003476505551195
0.07461403312025719
0.0750813053717618
0.07811857500654182
0.07732421217898397
0.07713730327838211
0.08246420694553475
0.0811558446413218
0.09508055773615942
0.09517401218646032
0.09578146611341634
0.0933983776307428
0.09391237710739789
0.09540764831221266
0.09377219543194648
0.09517401218646032
0.09358528653134465
0.09414601323315017
0.09283765092893723
0.09783746402003662
0.09395910433254834
0.0962954655900714
0.1003140069530111
0.09741691899368249
0.09797764569548803
0.10157564203207359
0.10050091585361295
0.0985383723972936
0.09881873574819633
0.10134200590632125
0.10395873051474713
0.10040746140331205
0.1036316399386939
0.10601472842136742
0.09891219019849729
0.09601510223916862
0.08330529699824307
0.08260438862098615
0.08648274830847447
0.08732383836118277
0.08223057081978247
0.08302493364734032
0.0834922058988449
0.08914620014205077
0.09096856192291877
0.09246383312773354
0.09718328286793018
0.0993794624500019
0.09741691899368249
0.09564128443796494
0.09816455459608986
0.09685619229187695
0.09414601323315017
0.09311801427984001
0.09279092370378678
0.09517401218646032
0.09433292213375202
0.0925572875780345
0.09414601323315017
0.09512728496130987
0.09358528653134465
0.09409928600799972
0.09928600799970097
0.09797764569548803
0.0925572875780345
0.09321146873014097
0.09685619229187695
0.08129602631677321
0.07947366453590521
0.08134275354192366
0.08246420694553475
0.08564165825576614
0.08573511270606707
0.08545474935516431
0.08330529699824307
0.08330529699824307
0.08190348024372923
0.08162311689282645
0.08040820903891444
0.09078165302231694
0.09358528653134465
0.0934918320810437
0.09582819333856679
0.09166947030017569
0.089473290718104
0.09311801427984001
0.09470673993495574
0.08994056296960862
0.09096856192291877
0.08732383836118277
0.089473290718104
0.08395947815034951
0.08358566034914583
0.08601547605696983
0.08835183731449292
0.09171619752532617
0.09106201637321973
0.09017419909536092
0.08498747710365967
0.08302493364734032
0.08452020485215508
0.08050166348921536
0.07470748757055812
0.07461403312025719
0.07732421217898397
0.07751112107958583
0.07517475982206276
0.07162349071062765
0.07031512840641471
0.06807222159919257
0.07124967290942397
0.07246458076333595
0.07255803521363688
0.07124967290942397
0.07536166872266459
0.0742402153190535
0.07078240065791933
0.07162349071062765
0.06802549437404212
0.07031512840641471
0.0681656760494935
0.06713767709618332
0.07106276400882211
0.07330567081604425
0.07377294306754889
0.07311876191544242
0.07629621322567381
0.07704384882808121
0.07900639228440057
0.07779148443048858
0.10143546035662221
0.10891181638069608
0.107790362977085
0.10835108967889051
0.10648200067287206
0.10666890957347389
0.10526709281896005
0.10237000485963141
0.10152891480692311
0.09377219543194648
0.08732383836118277
0.0802213001383126
0.07620275877537291
0.09050128967141416
0.09816455459608986
0.09909909909909911
0.09676273784157605
0.08816492841389106
0.0942394676834511
0.09480019438525664
0.08994056296960862
0.0986318268475945
0.09442637658405295
0.09769728234458525
0.09835146349669172
0.09872528129789543
0.10106164255541852
0.10255691376023329
0.10451945721655265
0.10433254831595082
0.10657545512317299
0.10059437030391388
0.10162236925722404
0.10573436507046469
0.10732309072558036
0.10442600276625175
0.10825763522858961
0.1170423535568764
0.11255653994243209
0.11844417031139026
0.12423834623004751
0.12732234308997797
0.1298456132481029
0.13124743000261677
0.1303128854996075
0.13292961010803336
0.13339688235953798
0.14236850958842662
0.1430226907405331
0.1470412321034728
0.14657395985196814
0.14620014205076448
0.14283578183993123
0.15208777241972266
0.1538634069754402
0.15264849912152817
0.15246159022092637
0.15461104257784758
0.14535905199805615
0.1518074090688199
0.15489140592875034
0.15302231692273188
0.1486299577585885
0.14563941534895897
0.18152592426451353
0.1802175619603006
0.17461029494224517
0.1718066614332175
0.1707786624799073
0.16517139546185194
0.1707786624799073
0.1707786624799073
0.17666629284886548
0.1775073829015738
0.18003065305969873
0.17563829389555535
0.17797465515307842
0.1776008373518747
0.18003065305969873
0.18311464991962917
0.1927404583006243
0.19040409704310124
0.18974991589099477
0.20208590333071663
0.19610481851145756
0.20031026877499913
0.1923666404994206
0.19488991065754552
0.19031064259280034
0.1910582781952077
0.19479645620724462
0.19666554521326307
0.19199282269821694
0.187039736832268
0.19409554782998772
0.1944226384060409
0.19559081903480247
0.19666554521326307
0.19638518186236031
0.20143172217861016
0.19872154311988338
0.19470300175694372
0.1891891891891892
0.19404882060483725
0.18133901536391167
0.16965720907629622
0.1635826698067362
0.1640499420582408
0.168722664573287
0.16012485514560204
0.15461104257784758
0.14003214833090355
0.14208814623752386
0.1434899629920377
0.14648050540166724
0.15255504467122727
0.1522746813203245
0.15489140592875034
0.15171395461851894
0.14881686665919036
0.1604052184965048
0.16049867294680575
0.14891032110949126
0.15021868341370415
0.1503121378640051
0.13367724571044073
0.12236925722402903
0.12489252738215395
0.12433180068034841
0.12311689282643642
0.12713543418937612
0.13891069492729247
0.1451721430974543
0.16741430226907406
0.17115248028111102
0.18124556091361071
0.18199319651601814
0.18404919442263845
0.18470337557474492
0.1827408321184255
0.17975028970879597
0.1927404583006243
0.1945160928563418
0.19180591379761508
0.1908713692946058
0.1889088258382865
0.18339501327053198
0.18320810436993012
0.1827408321184255
0.18778737243467536
0.18853500803708273
0.187039736832268
0.19601136406115666
0.19339463945273078
0.2026466300325222
0.20358117453553137
0.20302044783372586
0.20844080595117942
0.20890807820268403
0.21217898396321633
0.2174124331800681
0.22087024784120218
0.21965533998729025
0.22451497140293825
0.2212440656424059
0.22077679339090128
0.2212440656424059
0.21778625098127175
0.21993570333819296
0.22199170124481332
0.22161788344360966
0.2300287839706927
0.230963328473702
0.23367350753242877
0.23217823632761392
0.22601024260775304
0.22731860491196598
0.22694478711076221
0.22563642480654933
0.22731860491196598
0.22759896826286868
0.23535568763784537
0.22498224365444286
0.21872079548428097
0.2231131546484244
0.21909461328548469
0.21152480281110986
0.21348734626742927
0.21685170647826252
0.2163844342267579
0.2227393368472207
0.22367388135022992
0.21909461328548469
0.2696534708982842
0.2809614593846959
0.28180254943740424
0.29189563006990393
0.2936712646256215
0.3009607117490935
0.30161489290119997
0.31058652013008864
0.3088108855743711
0.3132966991888154
0.3156330604463385
0.3232963253710142
0.32413741542372254
0.327221412283653
0.321053418563792
0.3188105117565699
0.31965160180927815
0.31824978505476437
0.32946431909087515
0.3184366939553662
0.3239505065231207
0.324791596575829
0.3292774101902733
0.33105304474599084
0.3232963253710142
0.3311464991962918
0.328436320137565
0.32806250233636125
0.33983776307427765
0.3140443347912228
0.30946506672647756
0.3156330604463385
0.32264214421890774
0.32600650442974094
0.32273559866920865
0.3291839557399724
0.33198758924900007
0.34357594108631456
0.36189301334529556
0.3728271840305036
0.3801166311539756
0.37992972225337374
0.3849762625696236
0.37918208665096637
0.3817053568090913
0.38684535157564215
0.39338716309670674
0.38404171806661436
0.3975926133602483
0.40703151284064154
0.41590968561922925
0.41058278195207665
0.4117042353556877
0.42030204478337263
0.4168442301222385
0.41039587305147474
0.41179768980598863
0.4215169526372846
0.43058203431647424
0.4356285746327241
0.43703039138723787
0.43347912227580276
0.44460020186161275
0.47581398826212107
0.47525326156031555
0.47170199244888045
0.4581510971552466
0.4670292699338343
0.46852454113864905
0.47095435684647313
0.4745990804082091
0.46553399872901946
0.4617023662666817
0.46637508878172784
0.46600127098052413
0.46263691076969093
0.4599267317109642
0.47684198721543125
0.471047811296774
0.4765616238645285
0.4678703599865426
0.47207581025008416
0.4429180217561961
0.4544129191432097
0.44618892751672834
0.45114201338267734
0.4725430825015887
0.4739448992561026
0.4817016186310793
0.47628126051362574
0.4928226982168892
0.4943179694217039
0.49366378826959745
0.48796306680124113
0.5085230458674443
0.5107659526746664
0.5165601285933237
0.5270270270270271
0.5263728458749206
0.5249710291204067
0.5243168479683004
0.5159994018915182
0.5114201338267729
0.5137564950842959
0.5046914134051064
0.5074950469141342
0.49740196628163436
0.5033830511008934
0.49983178198945843
0.5091772270195507
0.5078688647153378
0.5196441254532542
0.5178684908975366
0.5474935516429292
0.5583342678778365
0.5610444469365632
0.5472131882920266
0.5460917348884154
0.5516990019064708
0.531980112892976
0.5292699338342493
0.5217935778101753
0.5181488542484393
0.552727000859781
0.5516990019064708
0.54048446787036
0.5200179432544578
0.708795932862323
0.6683301558820232
0.6921610407087586
0.7430002616724609
0.7501027998953311
0.7591678815745206
0.7556166124630856
0.7618780606332475
0.764868603042877
0.7666442375985945
0.7661769653470899
0.7581398826212105
0.7483271653396136
0.7057119360023926
0.7132817464767673
0.7453366229299839
0.7594482449254234
0.7751485925759785
0.7602893349781318
0.7447758962281784
0.7239355538110726
0.7387013569586185
0.788045306717506
0.8091660124855146
0.8250532690366715
0.8364547119733842
0.8695375873799112
0.875705581099772
0.8876677507382903
0.9126200889686368
0.983084744495533
0.9076670031026878
0.9280400732682893
0.884209936077156
0.8400059810848194
0.8622481402564391
0.8374827109266944
0.8501925161676199
0.889256476393406
0.8816866659190311
0.8694441329296102
0.8533699674778513
0.8532765130275505
0.8315950805577362
0.8487906994131061
0.8694441329296102
0.858696871145004
0.8687899517775037
0.8897237486449107
0.8940226533587531
0.9114051811147249
0.9312175245785205
0.9148629957758588
0.9070128219505814
0.9515905947441218
0.9650480355874548
0.9556091361070614
0.9829912900452321
1.0
