close
12.37
12.73
12.731
12.555
12.38
12.29
12.52
12.3
12.37
12.6
12.66
12.71
12.655
12.8
12.79
12.76
12.82
12.695
12.74
12.74
12.75
12.64
12.55
12.47
12.62
12.42
12.48
12.41
12.5
12.65
12.83
12.41
12.275
12.126
12.245
12.46
12.43
12.63
12.83
12.77
13.09
12.82
12.96
12.785
12.54
12.57
12.59
12.92
13.36
13.47
13.41
13.57
13.77
13.65
13.81
13.87
13.83
13.65
13.899
13.91
14.54
14.24
14.45
14.695
14.63
14.87
14.84
14.92
14.4
14.63
14.54
14.53
14.44
14.63
14.47
14.45
14.47
14.16
14.25
14.445
14.44
14.17
14.05
14.37
14.35
14.49
14.4
14.84
14.44
14.415
14.12
14.22
14.14
14.01
14.04
14.1
14.09
14.13
14.24
14.165
14.241
14.43
14.63
14.64
14.61
14.69
14.61
14.55
14.24
14.23
14.21
14.21
14.26
14.2
14.17
14.41
14.435
14.64
14.76
14.83
14.61
14.6
14.699
14.49
14.37
14.42
15.03
15.125
15.189
14.95
14.95
14.88
14.96
14.96
14.995
14.805
14.8
14.77
14.75
14.76
14.9
14.94
14.88
15.125
15.45
15.71
15.7
15.8
15.81
15.86
15.999
15.925
15.795
15.64
15.7
15.725
15.67
15.58
15.56
15.55
15.54
15.38
15.59
15.59
15.46
15.22
15.385
15.26
15.49
15.41
15.6
15.63
15.81
15.85
15.77
15.501
15.385
15.24
15.21
15.23
15.22
15.189
15.255
14.82
14.8
14.9
14.545
15.56
15.69
15.715
16.15
16.22
16.17
15.78
15.44
15.21
15.33
15.18
15.51
15.64
15.7
15.6
15.75
15.74
15.96
15.7
15.47
15.205
15.56
15.41
15.11
15.02
15.04
15.11
15.32
15.38
15.685
15.78
15.82
15.67
15.76
15.97
16.02
15.86
15.67
15.88
16.14
16.36
15.75
15.73
15.36
15.84
16.01
16.06
15.99
16.05
16.03
15.97
15.56
15.46
15.61
15.46
15.72
15.7
15.49
15.58
15.44
15.64
15.87
15.92
16.25
16.83
17.36
17.91
17.9
18.14
18.78
18.64
18.91
18.74
18.71
18.5
18.38
18.29
18.48
18.64
18.38
18.36
18.09
18.27
18.32
17.74
17.82
17.82
18.24
18.555
18.57
18.54
18.45
18.45
18.03
17.79
17.9
17.91
18.65
18.53
18.73
18.15
18.21
18.86
18.84
18.38
18.12
18.32
18.45
18.49
18.56
18.71
18.87
19.09
19.26
18.73
18.65
18.69
18.47
18.57
18.43
18.63
18.25
18.275
18.5
18.05
18.58
18.28
18.1
18.0
17.96
18.54
18.24
18.24
18.32
18.49
18.82
18.98
18.95
19.0
18.94
18.86
18.88
18.96
19.03
19.05
19.15
19.4
19.52
19.54
19.48
19.61
19.59
19.138
18.93
18.71
18.42
18.61
18.36
18.38
18.54
18.75
18.6825
18.85
18.7
18.55
19.11
19.005
19.05
19.29
19.37
19.35
19.3
18.44
18.55
18.47
18.08
18.11
17.79
17.72
17.78
18.08
17.5
17.69
17.65
17.66
17.64
17.46
19.0
18.9
18.9
19.01
18.8
19.04
19.3
19.37
19.25
19.07
19.08
19.11
19.455
19.23
19.39
19.45
19.495
19.685
20.03
19.97
19.79
19.54
19.61
19.41
19.12
18.86
19.135
19.15
19.44
19.08
18.89
18.81
18.92
18.51
18.545
18.515
18.45
18.27
18.19
18.23
18.12
17.925
18.26
17.91
16.845
16.785
17.175
17.44
17.45
17.42
17.57
18.32
17.89
18.285
18.48
18.49
18.93
18.805
18.69
19.54
19.87
20.13
20.13
20.22
19.79
20.02
19.78
19.645
19.55
19.785
19.695
20.17
20.01
20.34
20.455
20.58
20.57
20.915
20.97
20.58
20.61
21.14
20.95
21.07
20.8
20.73
20.27
20.26
19.63
19.57
19.345
20.14
20.22
20.42
20.78
20.65
20.57
20.59
20.56
20.37
20.05
20.13
19.79
19.19
19.135
19.86
19.94
19.69
19.655
19.74
19.6
19.96
20.02
20.3
20.65
20.71
20.615
19.63
19.31
19.78
19.205
19.62
20.11
20.16
20.485
20.4
20.38
20.95
20.81
22.3
22.31
22.375
22.12
22.175
22.335
22.16
22.31
22.14
22.2
22.06
22.595
22.18
22.43
22.86
22.55
22.61
22.995
22.88
22.67
22.7
22.97
23.25
22.87
23.215
23.47
22.71
22.4
21.04
20.965
21.38
21.47
20.925
21.01
21.06
21.665
21.86
22.02
22.525
22.76
22.55
22.36
22.63
22.49
22.2
22.09
22.055
22.31
22.22
22.03
22.2
22.305
22.14
22.195
22.75
22.61
22.03
22.1
22.49
20.825
20.63
20.83
20.95
21.29
21.3
21.27
21.04
21.04
20.89
20.86
20.73
21.84
22.14
22.13
22.38
21.935
21.7
22.09
22.26
21.75
21.86
21.47
21.7
21.11
21.07
21.33
21.58
21.94
21.87
21.775
21.22
21.01
21.17
20.74
20.12
20.11
20.4
20.42
20.17
19.79
19.65
19.41
19.75
19.88
19.89
19.75
20.19
20.07
19.7
19.79
19.405
19.65
19.42
19.31
19.73
19.97
20.02
19.95
20.29
20.37
20.58
20.45
22.98
23.78
23.66
23.72
23.52
23.54
23.39
23.08
22.99
22.16
21.47
20.71
20.28
21.81
22.63
22.73
22.48
21.56
22.21
22.27
21.75
22.68
22.23
22.58
22.65
22.69
22.94
23.1
23.31
23.29
23.53
22.89
23.0
23.44
23.61
23.3
23.71
24.65
24.17
24.8
25.42
25.75
26.02
26.17
26.07
26.35
26.4
27.36
27.43
27.86
27.81
27.77
27.41
28.4
28.59
28.46
28.44
28.67
27.68
28.37
28.7
28.5
28.03
27.71
31.55
31.41
30.81
30.51
30.4
29.8
30.4
30.4
31.03
31.12
31.39
30.92
31.17
31.13
31.39
31.72
32.75
32.5
32.43
33.75
33.11
33.56
32.71
32.98
32.49
32.57
32.97
33.17
32.67
32.14
32.895
32.93
33.055
33.17
33.14
33.68
33.39
32.96
32.37
32.89
31.53
30.28
29.63
29.68
30.18
29.26
28.67
27.11
27.33
27.48
27.8
28.45
28.42
28.7
28.36
28.05
29.29
29.3
28.06
28.2
28.21
26.43
25.22
25.49
25.43
25.3
25.73
26.99
27.66
30.04
30.44
31.52
31.6
31.82
31.89
31.68
31.36
32.75
32.94
32.65
32.55
32.34
31.75
31.73
31.68
32.22
32.3
32.14
33.1
32.82
33.81
33.91
33.85
34.43
34.48
34.83
35.39
35.76
35.63
36.15
35.8
35.75
35.8
35.43
35.66
35.88
35.84
36.74
36.84
37.13
36.97
36.31
36.45
36.41
36.27
36.45
36.48
37.31
36.2
35.53
36.0
35.57
34.76
34.97
35.33
35.28
35.96
36.06
35.57
40.98
42.19
42.28
43.36
43.55
44.33
44.4
45.36
45.17
45.65
45.9
46.72
46.81
47.14
46.48
46.24
46.33
46.18
47.38
46.2
46.79
46.88
47.36
47.55
46.72
47.56
47.27
47.23
48.49
45.73
45.24
45.9
46.65
47.01
46.66
47.35
47.65
48.89
50.85
52.02
52.8
52.78
53.32
52.7
52.97
53.52
54.22
53.22
54.67
55.68
56.63
56.06
56.18
57.1
56.73
56.04
56.19
57.23
58.2
58.74
58.89
58.51
59.7
63.04
62.98
62.6
61.15
62.1
62.26
62.52
62.91
61.94
61.53
62.03
61.99
61.63
61.34
63.15
62.53
63.12
62.19
62.64
59.52
60.75
59.87
60.4
62.69
62.84
63.67
63.09
64.86
65.02
64.95
64.34
66.54
66.78
67.4
68.52
68.45
68.3
68.23
67.34
66.85
67.1
66.13
66.43
65.35
65.99
65.61
66.61
66.47
67.73
67.54
70.71
71.87
72.16
70.68
70.56
71.16
69.05
68.76
67.96
67.57
71.27
71.16
69.96
67.77
87.97
83.64
86.19
91.63
92.39
93.36
92.98
93.65
93.97
94.16
94.11
93.25
92.2
87.64
88.45
91.88
93.39
95.07
93.48
91.82
89.59
91.17
96.45
98.71
100.41
101.63
105.17
105.83
107.11
109.78
117.32
109.25
111.43
106.74
102.01
104.39
101.74
103.1
107.28
106.47
105.16
103.44
103.43
101.11
102.95
105.16
104.01
105.09
107.33
107.79
109.65
111.77
110.02
109.18
113.95
115.39
114.38
117.31
119.13
